00003
00032
00100
00130
00204
00400
00630
00730
01030
01300
3FF11
3F310
00000
00000
00000
00000
00000
00000
00000
00000
00000
00000
00000
00000
00000
00000
00000
00000
00000
00000
02030
02045
04030
10204
10030
08020
06300
05032
03021
02034
01033
00000
00000
00000
00000
00000
00000
00000
00000
00000
00000
00000
00000
00000
00000
00000
00000
00000
00000
010a3
00cae
00bea
000ac
0001d
00013
0000a
00003
00003
00032
00100
00130
00204
00400
00630
00730
01030
01300
01500
01530
02030
02045
04030
10204
00000
00000
00000
00000
00000
00000
00000
00000
00000
00000
00000
00000
00000
00000
00000
00000
00000
00000
10030
08020
06300
05032
03021
02034
01033
010a3
00cae
00bea
000ac
0001d
00013
0000a
00003
00000
00000
00000
00000
00000
00000
00000
00000
00000
00000
00000
00000
00000
00000
00000
00000
00000
00000
01500
01530
02030
02045
04030
10204
00000
00000
00000
00000
00000
00000
00000
00000
00000
00000
00000
00000
00000
00000
00000
00000
00000
00000
10030
08020
06300
05032
03021
02034
01033
010a3
00cae
00bea
000ac
0001d
00013
0000a
00003
00000
00000
00000
00000
00000
00000
00000
00000
00000
00000
00000
00000
00000
00000
00000
00000
00000
00000
01500
01530
02030
02045
04030
10204
00000
00000
00000
00000
00000
00000
00000
00000
00000
00000
00000
00000
00000
00000
00000
00000
00000
00000
10030
08020
06300
05032
03021
02034
01033
010a3
00cae
00bea
000ac
0001d
00013
0000a
00003
00000
00000
00000
00000
00000
00000
00000
00000
00000
00000
00000
00000
00000
00000
00000
00000
00000
00000
01500
01530
02030
02045
04030
10204
00000
00000
00000
00000
00000
00000
00000
00000
00000
00000
00000
00000
00000
00000
00000
00000
00000
00000
10030
08020
06300
05032
03021
02034
01033
010a3
00cae
00bea
000ac
0001d
00013
0000a
00003
00000
00000
00000
00000
00000
00000
00000
00000
00000
00000
00000
00000
00000
00000
00000
00000
00000
00000
01500
01530
02030
02045
04030
10204
00000
00000
00000
00000
00000
00000
00000
00000
00000
00000
00000
00000
00000
00000
00000
00000
00000
00000
10030
08020
06300
05032
03021
02034
01033
010a3
00cae
00bea
000ac
0001d
00013
0000a
00003
00000
00000
00000
00000
00000
00000
00000
00000
00000
00000
00000
00000
00000
00000
00000
00000
00000
00000
01500
01530
02030
02045
04030
10204
00000
00000
00000
00000
00000
00000
00000
00000
00000
00000
00000
00000
00000
00000
00000
00000
00000
00000
10030
08020
06300
05032
03021
02034
01033
010a3
00cae
00bea
000ac
0001d
00013
0000a
00003
00000
00000
00000
00000
00000
00000
00000
00000
00000
00000
00000
00000
00000
00000
00000
00000
00000
00000
01500
01530
02030
02045
04030
10204
00000
00000
00000
00000
00000
00000
00000
00000
00000
00000
00000
00000
00000
00000
00000
00000
00000
00000
10030
08020
06300
05032
03021
02034
01033
010a3
00cae
00bea
000ac
0001d
00013
0000a
00003
00000
00000
00000
00000
00000
00000
00000
00000
00000
00000
00000
00000
00000
00000
00000
00000
00000
00000
01500
01530
02030
02045
04030
10204
00000
00000
00000
00000
00000
00000
00000
00000
00000
00000
00000
00000
00000
00000
00000
00000
00000
00000
10030
08020
06300
05032
03021
02034
01033
010a3
00cae
00bea
000ac
0001d
00013
0000a
00003
00000
00000
00000
00000
00000
00000
00000
00000
00000
00000
00000
00000
00000
00000
00000
00000
00000
00000
00730
01030
01300
01500
01530
02030
02045
04030
10204
10030
08020
06300
05032
03021
02034
01033
010a3
00cae
00bea
000ac
0001d
00013
0000a
00003
00003
00032
00100
00130
00204
00400
00630
00730
01030
01300
01500
01530
02030
02045
04030
10204
10030
08020
06300
05032
00000
00000
00000
00000
00000
00000
00000
00000
00000
00000
00000
00000
00000
00000
00000
00000
00000
00000
03021
02034
01033
010a3
00cae
00bea
000ac
0001d
00013
0000a
00003
00003
00032
00100
00130
00204
00400
00630
00730
01030
01300
01500
01530
02030
02045
04030
10204
10030
08020
06300
05032
03021
02034
01033
010a3
00cae
00bea
000ac
0001d
00013
0000a
00003
00003
00032
00100
00130
00204
00400
00630
00730
01030
01300
01500
01530
02030
02045
04030
10204
10030
08020
00000
00000
00000
00000
00000
00000
00000
00000
00000
00000
00000
00000
00000
00000
00000
00000
00000
00000
05032
03021
02034
01033
010a3
00cae
00bea
000ac
0001d
00013
0000a
00003
00003
00032
00100
00130
00204
00400
00630
00730
01030
01300
01500
01530
02030
02045
04030
10204